9 1000
0.000000 0.498516
0.063542 0.351137
0.131250 0.090000
0.293750 0.144411
0.501250 0.501667
0.705208 0.847676
0.866146 0.908012
0.934375 0.648863
1.000000 0.502473
0.498516
0.498615
0.498610
0.498503
0.498297
0.497990
0.497586
0.497085
0.496489
0.495798
0.495014
0.494139
0.493173
0.492118
0.490974
0.489744
0.488428
0.487028
0.485545
0.483981
0.482335
0.480610
0.478808
0.476928
0.474973
0.472943
0.470840
0.468666
0.466421
0.464106
0.461723
0.459274
0.456759
0.454179
0.451536
0.448832
0.446066
0.443242
0.440359
0.437419
0.434424
0.431374
0.428271
0.425116
0.421910
0.418655
0.415352
0.412002
0.408606
0.405165
0.401682
0.398156
0.394590
0.390984
0.387340
0.383658
0.379942
0.376190
0.372405
0.368589
0.364741
0.360864
0.356959
0.353027
0.349069
0.345086
0.341080
0.337052
0.333003
0.328935
0.324848
0.320744
0.316625
0.312490
0.308343
0.304183
0.300012
0.295832
0.291644
0.287448
0.283247
0.279040
0.274831
0.270619
0.266406
0.262194
0.257984
0.253776
0.249572
0.245373
0.241182
0.236998
0.232823
0.228658
0.224505
0.220364
0.216238
0.212127
0.208033
0.203956
0.199898
0.195861
0.191845
0.187852
0.183882
0.179939
0.176021
0.172131
0.168271
0.164440
0.160641
0.156875
0.153142
0.149445
0.145784
0.142161
0.138577
0.135033
0.131531
0.128071
0.124655
0.121284
0.117960
0.114683
0.111456
0.108278
0.105152
0.102078
0.099058
0.096094
0.093185
0.090335
0.087543
0.084809
0.082134
0.079517
0.076958
0.074455
0.072010
0.069621
0.067287
0.065010
0.062788
0.060621
0.058508
0.056450
0.054445
0.052494
0.050596
0.048751
0.046958
0.045217
0.043527
0.041889
0.040302
0.038765
0.037278
0.035841
0.034453
0.033114
0.031824
0.030582
0.029387
0.028241
0.027141
0.026088
0.025082
0.024121
0.023206
0.022336
0.021512
0.020731
0.019995
0.019302
0.018653
0.018047
0.017484
0.016962
0.016483
0.016045
0.015648
0.015292
0.014977
0.014701
0.014465
0.014269
0.014111
0.013991
0.013910
0.013867
0.013861
0.013892
0.013960
0.014064
0.014203
0.014379
0.014589
0.014835
0.015114
0.015428
0.015776
0.016156
0.016570
0.017016
0.017495
0.018005
0.018546
0.019119
0.019722
0.020356
0.021020
0.021713
0.022435
0.023186
0.023966
0.024773
0.025609
0.026471
0.027361
0.028277
0.029219
0.030187
0.031181
0.032200
0.033243
0.034311
0.035403
0.036518
0.037656
0.038818
0.040002
0.041207
0.042435
0.043684
0.044954
0.046245
0.047555
0.048886
0.050236
0.051605
0.052993
0.054399
0.055824
0.057266
0.058725
0.060201
0.061693
0.063202
0.064726
0.066266
0.067821
0.069390
0.070974
0.072571
0.074182
0.075807
0.077443
0.079093
0.080754
0.082427
0.084111
0.085806
0.087512
0.089228
0.090953
0.092688
0.094432
0.096185
0.097946
0.099715
0.101491
0.103275
0.105065
0.106862
0.108665
0.110473
0.112287
0.114106
0.115929
0.117756
0.119587
0.121422
0.123260
0.125100
0.126943
0.128787
0.130634
0.132481
0.134329
0.136178
0.138027
0.139875
0.141723
0.143569
0.145415
0.147258
0.149100
0.150941
0.152780
0.154617
0.156453
0.158287
0.160120
0.161951
0.163781
0.165609
0.167436
0.169261
0.171084
0.172906
0.174727
0.176546
0.178364
0.180180
0.181994
0.183808
0.185619
0.187430
0.189238
0.191046
0.192852
0.194656
0.196459
0.198261
0.200061
0.201860
0.203657
0.205453
0.207248
0.209041
0.210833
0.212623
0.214413
0.216200
0.217987
0.219772
0.221555
0.223338
0.225119
0.226899
0.228677
0.230454
0.232230
0.234004
0.235778
0.237549
0.239320
0.241089
0.242858
0.244624
0.246390
0.248154
0.249917
0.251679
0.253440
0.255199
0.256957
0.258714
0.260470
0.262224
0.263978
0.265730
0.267481
0.269230
0.270979
0.272726
0.274473
0.276218
0.277962
0.279704
0.281446
0.283187
0.284926
0.286664
0.288401
0.290137
0.291872
0.293606
0.295339
0.297071
0.298801
0.300531
0.302259
0.303987
0.305713
0.307439
0.309163
0.310886
0.312608
0.314329
0.316050
0.317769
0.319487
0.321204
0.322920
0.324635
0.326350
0.328063
0.329775
0.331486
0.333197
0.334906
0.336615
0.338322
0.340029
0.341734
0.343439
0.345143
0.346846
0.348548
0.350249
0.351949
0.353648
0.355347
0.357045
0.358741
0.360437
0.362132
0.363826
0.365520
0.367212
0.368904
0.370594
0.372284
0.373974
0.375662
0.377350
0.379036
0.380722
0.382408
0.384092
0.385776
0.387459
0.389141
0.390822
0.392503
0.394183
0.395862
0.397541
0.399218
0.400895
0.402572
0.404247
0.405922
0.407596
0.409270
0.410943
0.412615
0.414286
0.415957
0.417627
0.419297
0.420966
0.422634
0.424302
0.425969
0.427635
0.429301
0.430966
0.432631
0.434295
0.435958
0.437621
0.439283
0.440945
0.442606
0.444266
0.445926
0.447586
0.449245
0.450903
0.452561
0.454218
0.455875
0.457531
0.459187
0.460842
0.462497
0.464152
0.465805
0.467459
0.469112
0.470764
0.472416
0.474068
0.475719
0.477369
0.479019
0.480669
0.482319
0.483967
0.485616
0.487264
0.488912
0.490559
0.492206
0.493853
0.495499
0.497145
0.498790
0.500435
0.502080
0.503725
0.505369
0.507013
0.508656
0.510299
0.511942
0.513585
0.515227
0.516870
0.518511
0.520153
0.521795
0.523436
0.525077
0.526718
0.528359
0.530000
0.531641
0.533281
0.534922
0.536562
0.538202
0.539842
0.541482
0.543123
0.544763
0.546403
0.548043
0.549683
0.551323
0.552963
0.554604
0.556244
0.557884
0.559525
0.561165
0.562806
0.564447
0.566088
0.567729
0.569370
0.571012
0.572654
0.574296
0.575938
0.577580
0.579223
0.580866
0.582509
0.584152
0.585796
0.587440
0.589084
0.590729
0.592374
0.594020
0.595665
0.597312
0.598958
0.600605
0.602253
0.603900
0.605549
0.607198
0.608847
0.610497
0.612147
0.613798
0.615449
0.617101
0.618753
0.620406
0.622060
0.623714
0.625369
0.627024
0.628680
0.630337
0.631994
0.633652
0.635311
0.636970
0.638630
0.640291
0.641952
0.643615
0.645278
0.646941
0.648606
0.650271
0.651937
0.653604
0.655272
0.656941
0.658611
0.660281
0.661952
0.663624
0.665298
0.666972
0.668647
0.670323
0.671999
0.673677
0.675356
0.677036
0.678717
0.680399
0.682082
0.683766
0.685451
0.687137
0.688824
0.690513
0.692202
0.693893
0.695584
0.697277
0.698971
0.700667
0.702363
0.704061
0.705760
0.707460
0.709161
0.710864
0.712567
0.714273
0.715979
0.717687
0.719396
0.721106
0.722818
0.724531
0.726246
0.727961
0.729679
0.731397
0.733118
0.734839
0.736562
0.738287
0.740012
0.741740
0.743469
0.745199
0.746931
0.748665
0.750400
0.752136
0.753874
0.755614
0.757356
0.759099
0.760843
0.762589
0.764337
0.766087
0.767838
0.769591
0.771346
0.773102
0.774860
0.776620
0.778382
0.780145
0.781910
0.783677
0.785446
0.787217
0.788989
0.790763
0.792539
0.794317
0.796097
0.797879
0.799663
0.801448
0.803236
0.805025
0.806817
0.808610
0.810405
0.812203
0.814002
0.815804
0.817607
0.819413
0.821220
0.823030
0.824842
0.826655
0.828471
0.830290
0.832110
0.833932
0.835757
0.837583
0.839412
0.841243
0.843077
0.844912
0.846750
0.848590
0.850432
0.852276
0.854121
0.855967
0.857814
0.859660
0.861507
0.863353
0.865198
0.867041
0.868883
0.870723
0.872560
0.874394
0.876225
0.878052
0.879876
0.881695
0.883509
0.885317
0.887121
0.888918
0.890709
0.892493
0.894270
0.896040
0.897802
0.899555
0.901300
0.903036
0.904763
0.906479
0.908186
0.909882
0.911567
0.913241
0.914903
0.916553
0.918191
0.919816
0.921427
0.923025
0.924609
0.926179
0.927734
0.929273
0.930797
0.932306
0.933798
0.935273
0.936732
0.938173
0.939596
0.941001
0.942387
0.943755
0.945103
0.946431
0.947739
0.949027
0.950294
0.951540
0.952764
0.953966
0.955146
0.956303
0.957436
0.958547
0.959633
0.960695
0.961732
0.962745
0.963731
0.964692
0.965627
0.966535
0.967417
0.968271
0.969097
0.969895
0.970664
0.971405
0.972116
0.972798
0.973449
0.974071
0.974661
0.975220
0.975748
0.976244
0.976707
0.977138
0.977536
0.977900
0.978230
0.978526
0.978788
0.979014
0.979205
0.979361
0.979480
0.979562
0.979608
0.979617
0.979587
0.979520
0.979414
0.979270
0.979086
0.978863
0.978599
0.978296
0.977951
0.977566
0.977139
0.976670
0.976159
0.975605
0.975008
0.974368
0.973684
0.972955
0.972183
0.971365
0.970502
0.969593
0.968638
0.967637
0.966589
0.965494
0.964351
0.963160
0.961920
0.960632
0.959295
0.957908
0.956471
0.954984
0.953447
0.951858
0.950218
0.948526
0.946782
0.944985
0.943136
0.941233
0.939276
0.937265
0.935200
0.933079
0.930904
0.928673
0.926386
0.924042
0.921642
0.919184
0.916669
0.914096
0.911465
0.908775
0.906026
0.903219
0.900354
0.897434
0.894459
0.891431
0.888351
0.885219
0.882038
0.878809
0.875532
0.872209
0.868842
0.865431
0.861977
0.858483
0.854949
0.851376
0.847765
0.844118
0.840437
0.836721
0.832974
0.829194
0.825385
0.821547
0.817682
0.813790
0.809873
0.805932
0.801968
0.797983
0.793977
0.789953
0.785911
0.781852
0.777778
0.773690
0.769589
0.765476
0.761354
0.757221
0.753081
0.748935
0.744782
0.740626
0.736466
0.732305
0.728143
0.723982
0.719822
0.715666
0.711514
0.707368
0.703228
0.699096
0.694974
0.690862
0.686762
0.682675
0.678602
0.674544
0.670503
0.666480
0.662476
0.658492
0.654530
0.650591
0.646675
0.642785
0.638921
0.635085
0.631278
0.627501
0.623755
0.620042
0.616363
0.612718
0.609110
0.605540
0.602008
0.598516
0.595066
0.591658
0.588293
0.584973
0.581700
0.578474
0.575296
0.572168
0.569091
0.566067
0.563095
0.560179
0.557318
0.554515
0.551770
0.549085
0.546460
0.543897
0.541398
0.538964
0.536595
0.534293
0.532059
0.529895
0.527801
0.525779
0.523831
0.521956
0.520158
0.518436
0.516792
0.515227
0.513743
0.512341
0.511022
0.509786
0.508637
0.507573
0.506598
0.505712
0.504916
0.504211
0.503600
0.503082
0.502660
0.502334
0.502106
0.501976
0.501947
0.502019
0.502194
0.502473
